49776
27166
35781
8780
33451
46144
18821
61672
33404
50403
62076
55270
34418
18021
11830
57150
37659
53561
44682
44452
17235
12706
32292
23689
43836
65250
17121
10769
14972
28175
58420
6450
12929
6049
34793
55175
35167
44596
7108
61420
1383
2884
6250
18161
8563
9157
62557
40122
54173
22279
62498
48474
43274
36446
62086
44892
11918
65449
8117
32275
16564
20680
992
50447
25416
53751
45234
22897
33326
35237
38894
61366
43085
41404
949
26210
3810
13450
29257
4830
64762
35644
53749
37721
60750
10461
46608
59688
21884
53182
31435
2401
50690
25620
64973
22294
21409
49609
7412
12866
51703
27923
52794
43592
55782
23053
2712
37134
44391
50885
21895
26258
15244
31272
47726
33423
43900
22604
13328
19606
43430
38584
38772
26972
63600
26947
65202
22448
49766
32365
63506
49036
24827
20731
17946
35687
54538
14352
5292
1632
5920
16312
12752
35525
33353
32168
3311
37446
54722
39233
10441
7718
56847
12094
60003
49176
38279
12377
38089
65146
7397
13280
5648
13955
1787
21232
35050
30470
9328
41956
58930
29915
59130
65315
63225
45325
3001
50066
49242
5864
3002
51536
10903
50961
46414
18870
52087
58215
47657
62438
29755
3952
12895
43442
21651
61753
27730
63914
18835
26783
35683
40226
55386
60827
45829
21398
41947
45905
57328
62765
6815
54211
17926
37785
4126
4398
36048
53240
54404
13520
42864
1492
47242
61703
11387
43770
18676
34022
63501
59929
43325
27549
54143
28433
32397
49367
48086
65481
46651
63073
57227
32671
62783
9671
22246
36447
45939
64465
3345
2564
27933
41626
64643
19769
8955
31573
19655
20297
47938
8483
41735
36212
6387
27831
65388
26068
47293
50019
20701
53479
55223
17822
54180
64863
3805
46921
49109
35221
37443
43438
32466
941
865
20936
58735
5420
54782
47
61228
42140
28244
47156
26624
10322
22609
25686
25236
1181
45733
32053
27072
50661
18350
10139
724
16556
59843
15562
23585
36470
51969
59325
17749
45906
29119
28960
48904
44179
3485
3151
20846
14925
46284
28739
51388
58035
4394
23031
7648
15584
20509
49377
62643
18384
33324
11199
52007
32503
46959
47791
24712
4111
63245
52503
64920
24970
4549
46376
44987
22264
21726
24944
40863
3331
21285
56741
59416
16665
36919
49292
33139
9864
34396
11296
22997
62244
41937
45287
49430
7516
53532
54287
12238
52443
25056
62431
49808
53723
64489
64812
46447
3675
47159
43384
50593
21418
11964
34335
47399
36503
6843
43997
54112
47392
8776
4432
45959
29207
2750
42245
54150
40464
15691
41577
33882
57674
7477
51996
5727
44136
62547
41277
43095
38400
29935
25234
34201
44382
18905
11552
49995
47076
24882
24300
64359
1553
31676
18936
15307
59379
46204
48583
62653
11989
49743
38514
28368
35675
29236
33186
61586
43175
33955
59701
45782
24136
42380
33877
21357
12387
36029
26893
64335
5996
36602
45910
37808
29641
38356
29254
28310
28002
55530
43575
51295
22635
1494
57803
43433
7982
12184
2545
29015
63758
49858
11449
48718
47484
27454
24037
30011
55825
56229
377
12672
45666
30459
55733
56961
31219
11318
3476
24882
7617
16932
48475
54885
20227
14705
59852
49613
44174
21729
46870
47548
30665
17576
7226
21765
57763
5191
11540
59608
57293
63962
38512
38091
26324
23889
62211
8442
24234
11612
5099
52883
13685
57707
37338
49946
25518
54307
17220
37938
54670
39542
62094
26854
5229
49445
45814
30965
20306
48999
61062
36420
24820
47544
4275
51920
35513
56826
761
58067
29862
8673
26754
22706
49467
8471
9883
3093
5844
55525
46903
41068
22034
22226
35625
15944
675
56749
20991
61358
57730
64578
59087
5928
63954
63931
23291
7427
31752
28796
47991
37647
23153
198
47424
32491
24184
29558
62571
51760
19362
10805
53413
45140
48230
16561
7403
24805
10723
43298
33844
33577
22108
59600
25754
15183
46995
61062
58430
15043
41415
2191
41181
4538
47772
61630
18243
51535
35984
40640
31898
63620
7293
27294
29512
21653
53965
36403
4591
52099
22048
17309
60238
47018
38160
19392
15305
45600
60722
14827
27374
4211
24093
21450
1911
40611
3305
30331
6235
43270
3889
17914
53409
49251
53364
59969
64347
46671
14871
61711
48198
24038
43388
13112
54745
30354
18594
11241
31124
28951
26990
20221
37178
13205
29027
5193
27094
44308
55429
36851
4498
36259
57773
12005
37572
19027
29107
8543
26197
15792
46383
61364
2268
4879
52985
58842
65082
11838
19395
25775
53679
44864
36285
41745
47702
25573
20028
6237
38970
7311
63286
15535
31401
44931
15174
50404
61360
37893
34037
14310
1202
36231
42414
7034
19290
56431
28205
57343
62129
59104
26012
46959
17516
11698
50747
11213
45237
41330
56990
20270
16621
22150
22925
62223
27295
3875
9346
22760
4385
52050
25076
6648
13488
21479
14702
41927
41735
41509
24562
6271
42586
52311
55205
55785
32218
17669
58013
43571
38224
22455
14826
31340
20906
53524
52250
33435
40237
10620
7550
40537
35203
44596
44253
39286
42516
28605
51485
50750
30890
59448
9242
354
43822
44301
15476
425
28136
14291
53283
17062
38889
7606
52221
64756
45564
30394
15772
58183
12622
57693
21822
58628
14483
28607
28864
7307
42731
60263
59339
39908
38250
39121
6173
48541
38154
60875
14223
27763
39307
18986
13451
57849
63560
35605
27969
18047
54947
29462
1588
29120
53439
7619
61952
36861
10497
41500
23300
22834
63818
19541
41856
49996
21174
29555
61138
999
1449
29338
30274
26027
42200
7692
27138
61302
53378
41521
60352
23623
44529
58528
44950
6326
49278
40248
60048
18833
59156
42372
38874
40391
45589
47004
30412
26562
25377
41271
59672
11900
57775
64665
33130
18622
38446
54501
23574
52201
10294
20287
34102
65203
25907
62303
48702
59174
23120
32293
61588
29739
53323
7223
53162
9866
41147
27541
27483
9590
46149
60933
20369
63466
11937
31958
57424
146
21076
30218
50602
40361
53462
31842
53793
60419
34571
52395
64412
37793
28480
64564
60390
22594
56316
58232
50571
44
49148
3700
60802
19104
59816
9934
44364
25819
6642
56362
3184
33766
53659
6701
20452
59814
35554
15046
41429
49144
62170
990
49486
27804
4900
58022
34529
36669
23803
4489
5809
63323
12202
20964
53465
62898
61595
7367
19326
23262
43260
47124
46679
52935
36353
23514
4642
31085
62509
32954
18318
61563
11547
